1 0
2 11
3 37
4 37
5 38
6 45
7 41
8 38
9 47
10 70
11 76
12 83
13 74
14 83
15 87
16 87
17 90
18 99
19 90
20 99
21 88
22 98
23 94
24 86
25 89
26 87
27 77
28 100
29 90
30 90
31 100
32 99
33 99
34 99
35 93
36 88
37 94
38 96
39 97
40 95
41 86
42 96
43 100
44 88
45 92
46 99
47 87
48 80
49 83
50 88
51 89
52 97
53 90
54 91
55 94
56 91
57 91
58 94
59 96
60 100
61 95
62 87
63 86
64 88
65 89
66 89
67 91
68 93
69 89
70 96
71 96
72 87
73 88
74 87
75 86
76 100
77 91
78 91
79 89
80 94
81 99
82 100
83 88
84 88
85 87
86 98
87 90
88 88
89 90
90 88
91 94
92 88
93 90
94 88
95 96
96 95
97 94
98 98
99 94
100 87
101 90
102 87
103 86
104 86
105 84
106 91
107 91
108 97
109 95
110 97
111 92
112 91
113 100
114 96
115 95
116 90
117 98
118 90
119 94
120 98
